990 990 990 990 990 990 989 989 990 986 990 990 988 990 990 987 555
990 990 990 990 990 990 989 989 990 986 990 990 988 990 990 987 555
990 990 990 990 990 990 989 989 990 986 990 990 988 990 990 987 555
989 989 989 989 989 989 989 989 989 986 989 989 988 989 989 987 555
986 986 986 986 986 986 986 986 986 986 986 986 986 986 986 986 555
990 990 990 990 990 990 989 989 990 986 990 990 988 990 990 987 555
988 988 988 988 988 988 988 988 988 986 988 988 988 988 988 987 555
989 989 989 989 989 989 989 989 989 986 989 989 988 989 989 987 555
990 990 990 990 990 990 989 989 990 986 990 990 988 990 990 987 555
988 988 988 988 988 988 988 988 988 986 988 988 988 988 988 987 555
990 990 990 990 990 990 989 989 990 986 990 990 988 990 990 987 555
990 990 990 990 990 990 989 989 990 986 990 990 988 990 990 987 555
989 989 989 989 989 989 989 989 989 986 989 989 988 989 989 987 555
990 990 990 990 990 990 989 989 990 986 990 990 988 990 990 987 555
990 990 990 990 990 990 989 989 990 986 990 990 988 990 990 987 555
925 925 925 925 925 925 925 925 925 925 925 925 925 925 925 925 555
751 751 751 751 751 751 751 751 751 751 751 751 751 751 751 751 555
