474 474 474 474 474 474 474 474 474 474 474 474 474 474 474 474 474 167
662 989 987 990 989 990 990 990 990 990 990 989 990 990 990 990 959 167
662 989 987 990 989 990 990 990 990 990 990 989 990 990 990 990 959 167
662 989 987 990 989 990 990 990 990 990 990 989 990 990 990 990 959 167
662 989 987 989 989 989 989 989 989 989 989 989 989 989 989 989 959 167
662 989 987 989 989 989 989 989 989 989 989 989 989 989 989 989 959 167
662 989 987 990 989 990 990 990 990 990 990 989 990 990 990 990 959 167
662 989 987 990 989 990 990 990 990 990 990 989 990 990 990 990 959 167
662 989 987 990 989 990 990 990 990 990 990 989 990 990 990 990 959 167
662 989 987 990 989 990 990 990 990 990 990 989 990 990 990 990 959 167
662 988 987 988 988 988 988 988 988 988 988 988 988 988 988 988 959 167
662 989 987 990 989 990 990 990 990 990 990 989 990 990 990 990 959 167
662 989 987 990 989 990 990 990 990 990 990 989 990 990 990 990 959 167
662 989 987 990 989 990 990 990 990 990 990 989 990 990 990 990 959 167
662 989 987 989 989 989 989 989 989 989 989 989 989 989 989 989 959 167
662 989 987 990 989 990 990 990 990 990 990 989 990 990 990 990 959 167
662 989 987 990 989 990 990 990 990 990 990 989 990 990 990 990 959 167
197 197 197 197 197 197 197 197 197 197 197 197 197 197 197 197 197 167
