475 475 475 475 475 475 475 475 475 475 475 475 475 475 475 475 475
990 988 990 990 989 990 986 990 989 989 990 989 990 990 990 984 660
990 988 990 990 989 990 986 990 989 989 990 989 990 990 990 984 660
990 988 990 990 989 990 986 990 989 989 990 989 990 990 990 984 660
989 988 989 989 989 989 986 989 989 989 989 989 989 989 989 984 660
989 988 989 989 989 989 986 989 989 989 989 989 989 989 989 984 660
989 988 989 989 989 989 986 989 989 989 989 989 989 989 989 984 660
990 988 990 990 989 990 986 990 989 989 990 989 990 990 990 984 660
990 988 990 990 989 990 986 990 989 989 990 989 990 990 990 984 660
990 988 990 990 989 990 986 990 989 989 990 989 990 990 990 984 660
987 987 987 987 987 987 986 987 987 987 987 987 987 987 987 984 660
990 988 990 990 989 990 986 990 989 989 990 989 990 990 990 984 660
989 988 989 989 989 989 986 989 989 989 989 989 989 989 989 984 660
990 988 990 990 989 990 986 990 989 989 990 989 990 990 990 984 660
990 988 990 990 989 990 986 990 989 989 990 989 990 990 990 984 660
990 988 990 990 989 990 986 990 989 989 990 989 990 990 990 984 660
990 988 990 990 989 990 986 990 989 989 990 989 990 990 990 984 660
194 194 194 194 194 194 194 194 194 194 194 194 194 194 194 194 194
