990 990 990 990 989 990 990 990 990 986 989 990 990 990 990 990 669
990 990 990 990 989 990 990 990 990 986 989 990 990 990 990 990 669
990 990 990 990 989 990 990 990 990 986 989 990 990 990 990 990 669
989 989 989 989 989 989 989 989 989 986 989 989 989 989 989 989 669
986 986 986 986 986 986 986 986 986 986 986 986 986 986 986 986 669
990 990 990 990 989 990 990 990 990 986 989 990 990 990 990 990 669
988 988 988 988 988 988 988 988 988 986 988 988 988 988 988 988 669
989 989 989 989 989 989 989 989 989 986 989 989 989 989 989 989 669
990 990 990 990 989 990 990 990 990 986 989 990 990 990 990 990 669
988 988 988 988 988 988 988 988 988 986 988 988 988 988 988 988 669
990 990 990 990 989 990 990 990 990 986 989 990 990 990 990 990 669
990 990 990 990 989 990 990 990 990 986 989 990 990 990 990 990 669
989 989 989 989 989 989 989 989 989 986 989 989 989 989 989 989 669
990 990 990 990 989 990 990 990 990 986 989 990 990 990 990 990 669
990 990 990 990 989 990 990 990 990 986 989 990 990 990 990 990 669
925 925 925 925 925 925 925 925 925 925 925 925 925 925 925 925 669
751 751 751 751 751 751 751 751 751 751 751 751 751 751 751 751 669
