475 475 475 475 475 475 475 475 475 475 475 475 475 475 475 475 475
990 990 990 990 990 990 987 990 989 990 990 988 989 990 990 987 718
990 990 990 990 990 990 987 990 989 990 990 988 989 990 990 987 718
990 990 990 990 990 990 987 990 989 990 990 988 989 990 990 987 718
989 989 989 989 989 989 987 989 989 989 989 988 989 989 989 987 718
989 989 989 989 989 989 987 989 989 989 989 988 989 989 989 987 718
989 989 989 989 989 989 987 989 989 989 989 988 989 989 989 987 718
990 990 990 990 990 990 987 990 989 990 990 988 989 990 990 987 718
990 990 990 990 990 990 987 990 989 990 990 988 989 990 990 987 718
990 990 990 990 990 990 987 990 989 990 990 988 989 990 990 987 718
987 987 987 987 987 987 987 987 987 987 987 987 987 987 987 987 718
990 990 990 990 990 990 987 990 989 990 990 988 989 990 990 987 718
989 989 989 989 989 989 987 989 989 989 989 988 989 989 989 987 718
990 990 990 990 990 990 987 990 989 990 990 988 989 990 990 987 718
990 990 990 990 990 990 987 990 989 990 990 988 989 990 990 987 718
990 990 990 990 990 990 987 990 989 990 990 988 989 990 990 987 718
990 990 990 990 990 990 987 990 989 990 990 988 989 990 990 987 718
194 194 194 194 194 194 194 194 194 194 194 194 194 194 194 194 194
