662 989 987 990 989 990 990 990 990 990 990 989 990 990 990 990 959 167
662 989 987 990 989 990 990 990 990 990 990 989 990 990 990 990 959 167
662 989 987 990 989 990 990 990 990 990 990 989 990 990 990 990 959 167
662 989 987 989 989 989 989 989 989 989 989 989 989 989 989 989 959 167
662 986 986 986 986 986 986 986 986 986 986 986 986 986 986 986 959 167
662 989 987 990 989 990 990 990 990 990 990 989 990 990 990 990 959 167
662 988 987 988 988 988 988 988 988 988 988 988 988 988 988 988 959 167
662 989 987 989 989 989 989 989 989 989 989 989 989 989 989 989 959 167
662 989 987 990 989 990 990 990 990 990 990 989 990 990 990 990 959 167
662 988 987 988 988 988 988 988 988 988 988 988 988 988 988 988 959 167
662 989 987 990 989 990 990 990 990 990 990 989 990 990 990 990 959 167
662 989 987 990 989 990 990 990 990 990 990 989 990 990 990 990 959 167
662 989 987 989 989 989 989 989 989 989 989 989 989 989 989 989 959 167
662 989 987 990 989 990 990 990 990 990 990 989 990 990 990 990 959 167
662 989 987 990 989 990 990 990 990 990 990 989 990 990 990 990 959 167
662 925 925 925 925 925 925 925 925 925 925 925 925 925 925 925 925 167
662 751 751 751 751 751 751 751 751 751 751 751 751 751 751 751 751 167
