475 475 475 475 475 475 475 475 475 475 475 475 475 475 475 475 475
990 990 990 990 990 990 990 989 990 990 990 989 990 990 990 988 530
990 990 990 990 990 990 990 989 990 990 990 989 990 990 990 988 530
990 990 990 990 990 990 990 989 990 990 990 989 990 990 990 988 530
989 989 989 989 989 989 989 989 989 989 989 989 989 989 989 988 530
989 989 989 989 989 989 989 989 989 989 989 989 989 989 989 988 530
989 989 989 989 989 989 989 989 989 989 989 989 989 989 989 988 530
990 990 990 990 990 990 990 989 990 990 990 989 990 990 990 988 530
990 990 990 990 990 990 990 989 990 990 990 989 990 990 990 988 530
990 990 990 990 990 990 990 989 990 990 990 989 990 990 990 988 530
987 987 987 987 987 987 987 987 987 987 987 987 987 987 987 987 530
990 990 990 990 990 990 990 989 990 990 990 989 990 990 990 988 530
989 989 989 989 989 989 989 989 989 989 989 989 989 989 989 988 530
990 990 990 990 990 990 990 989 990 990 990 989 990 990 990 988 530
990 990 990 990 990 990 990 989 990 990 990 989 990 990 990 988 530
990 990 990 990 990 990 990 989 990 990 990 989 990 990 990 988 530
990 990 990 990 990 990 990 989 990 990 990 989 990 990 990 988 530
194 194 194 194 194 194 194 194 194 194 194 194 194 194 194 194 194
