475 475 475 475 475 475 475 475 475 475 475 475 475 475 475 475 475
990 988 989 990 990 990 989 990 987 990 990 990 990 990 989 987 768
990 988 989 990 990 990 989 990 987 990 990 990 990 990 989 987 768
990 988 989 990 990 990 989 990 987 990 990 990 990 990 989 987 768
989 988 989 989 989 989 989 989 987 989 989 989 989 989 989 987 768
989 988 989 989 989 989 989 989 987 989 989 989 989 989 989 987 768
989 988 989 989 989 989 989 989 987 989 989 989 989 989 989 987 768
990 988 989 990 990 990 989 990 987 990 990 990 990 990 989 987 768
990 988 989 990 990 990 989 990 987 990 990 990 990 990 989 987 768
990 988 989 990 990 990 989 990 987 990 990 990 990 990 989 987 768
987 987 987 987 987 987 987 987 987 987 987 987 987 987 987 987 768
990 988 989 990 990 990 989 990 987 990 990 990 990 990 989 987 768
989 988 989 989 989 989 989 989 987 989 989 989 989 989 989 987 768
990 988 989 990 990 990 989 990 987 990 990 990 990 990 989 987 768
990 988 989 990 990 990 989 990 987 990 990 990 990 990 989 987 768
990 988 989 990 990 990 989 990 987 990 990 990 990 990 989 987 768
990 988 989 990 990 990 989 990 987 990 990 990 990 990 989 987 768
194 194 194 194 194 194 194 194 194 194 194 194 194 194 194 194 194
