474 474 474 474 474 474 474 474 474 474 474 474 474 474 474 474 474
990 990 990 990 990 990 990 990 988 990 990 989 990 989 990 990 555
990 990 990 990 990 990 990 990 988 990 990 989 990 989 990 990 555
990 990 990 990 990 990 990 990 988 990 990 989 990 989 990 990 555
989 989 989 989 989 989 989 989 988 989 989 989 989 989 989 989 555
989 989 989 989 989 989 989 989 988 989 989 989 989 989 989 989 555
990 990 990 990 990 990 990 990 988 990 990 989 990 989 990 990 555
990 990 990 990 990 990 990 990 988 990 990 989 990 989 990 990 555
990 990 990 990 990 990 990 990 988 990 990 989 990 989 990 990 555
990 990 990 990 990 990 990 990 988 990 990 989 990 989 990 990 555
988 988 988 988 988 988 988 988 988 988 988 988 988 988 988 988 555
990 990 990 990 990 990 990 990 988 990 990 989 990 989 990 990 555
990 990 990 990 990 990 990 990 988 990 990 989 990 989 990 990 555
990 990 990 990 990 990 990 990 988 990 990 989 990 989 990 990 555
989 989 989 989 989 989 989 989 988 989 989 989 989 989 989 989 555
990 990 990 990 990 990 990 990 988 990 990 989 990 989 990 990 555
990 990 990 990 990 990 990 990 988 990 990 989 990 989 990 990 555
197 197 197 197 197 197 197 197 197 197 197 197 197 197 197 197 197
