474 474 474 474 474 474 474 474 474 474 474 474 474 474 474 474 474
990 988 990 990 989 990 986 990 989 989 990 989 990 990 990 984 660
990 988 990 990 989 990 986 990 989 989 990 989 990 990 990 984 660
990 988 990 990 989 990 986 990 989 989 990 989 990 990 990 984 660
989 988 989 989 989 989 986 989 989 989 989 989 989 989 989 984 660
989 988 989 989 989 989 986 989 989 989 989 989 989 989 989 984 660
990 988 990 990 989 990 986 990 989 989 990 989 990 990 990 984 660
990 988 990 990 989 990 986 990 989 989 990 989 990 990 990 984 660
990 988 990 990 989 990 986 990 989 989 990 989 990 990 990 984 660
990 988 990 990 989 990 986 990 989 989 990 989 990 990 990 984 660
988 988 988 988 988 988 986 988 988 988 988 988 988 988 988 984 660
990 988 990 990 989 990 986 990 989 989 990 989 990 990 990 984 660
990 988 990 990 989 990 986 990 989 989 990 989 990 990 990 984 660
990 988 990 990 989 990 986 990 989 989 990 989 990 990 990 984 660
989 988 989 989 989 989 986 989 989 989 989 989 989 989 989 984 660
990 988 990 990 989 990 986 990 989 989 990 989 990 990 990 984 660
990 988 990 990 989 990 986 990 989 989 990 989 990 990 990 984 660
197 197 197 197 197 197 197 197 197 197 197 197 197 197 197 197 197
