475 475 475 475 475 475 475 475 475 475 475 475 475 475 475 475 475
990 990 990 990 990 990 990 990 988 989 990 990 989 988 989 990 793
990 990 990 990 990 990 990 990 988 989 990 990 989 988 989 990 793
990 990 990 990 990 990 990 990 988 989 990 990 989 988 989 990 793
989 989 989 989 989 989 989 989 988 989 989 989 989 988 989 989 793
989 989 989 989 989 989 989 989 988 989 989 989 989 988 989 989 793
989 989 989 989 989 989 989 989 988 989 989 989 989 988 989 989 793
990 990 990 990 990 990 990 990 988 989 990 990 989 988 989 990 793
990 990 990 990 990 990 990 990 988 989 990 990 989 988 989 990 793
990 990 990 990 990 990 990 990 988 989 990 990 989 988 989 990 793
987 987 987 987 987 987 987 987 987 987 987 987 987 987 987 987 793
990 990 990 990 990 990 990 990 988 989 990 990 989 988 989 990 793
989 989 989 989 989 989 989 989 988 989 989 989 989 988 989 989 793
990 990 990 990 990 990 990 990 988 989 990 990 989 988 989 990 793
990 990 990 990 990 990 990 990 988 989 990 990 989 988 989 990 793
990 990 990 990 990 990 990 990 988 989 990 990 989 988 989 990 793
990 990 990 990 990 990 990 990 988 989 990 990 989 988 989 990 793
194 194 194 194 194 194 194 194 194 194 194 194 194 194 194 194 194
