990 990 990 990 990 990 990 990 988 989 990 990 989 988 989 990 793
990 990 990 990 990 990 990 990 988 989 990 990 989 988 989 990 793
990 990 990 990 990 990 990 990 988 989 990 990 989 988 989 990 793
989 989 989 989 989 989 989 989 988 989 989 989 989 988 989 989 793
986 986 986 986 986 986 986 986 986 986 986 986 986 986 986 986 793
990 990 990 990 990 990 990 990 988 989 990 990 989 988 989 990 793
988 988 988 988 988 988 988 988 988 988 988 988 988 988 988 988 793
989 989 989 989 989 989 989 989 988 989 989 989 989 988 989 989 793
990 990 990 990 990 990 990 990 988 989 990 990 989 988 989 990 793
988 988 988 988 988 988 988 988 988 988 988 988 988 988 988 988 793
990 990 990 990 990 990 990 990 988 989 990 990 989 988 989 990 793
990 990 990 990 990 990 990 990 988 989 990 990 989 988 989 990 793
989 989 989 989 989 989 989 989 988 989 989 989 989 988 989 989 793
990 990 990 990 990 990 990 990 988 989 990 990 989 988 989 990 793
990 990 990 990 990 990 990 990 988 989 990 990 989 988 989 990 793
925 925 925 925 925 925 925 925 925 925 925 925 925 925 925 925 793
751 751 751 751 751 751 751 751 751 751 751 751 751 751 751 751 751
