475 475 475 475 475 475 475 475 475 475 475 475 475 475 475 475 475 175
990 988 990 990 989 990 987 990 990 990 986 990 988 989 990 990 747 175
990 988 990 990 989 990 987 990 990 990 986 990 988 989 990 990 747 175
990 988 990 990 989 990 987 990 990 990 986 990 988 989 990 990 747 175
989 988 989 989 989 989 987 989 989 989 986 989 988 989 989 989 747 175
989 988 989 989 989 989 987 989 989 989 986 989 988 989 989 989 747 175
989 988 989 989 989 989 987 989 989 989 986 989 988 989 989 989 747 175
990 988 990 990 989 990 987 990 990 990 986 990 988 989 990 990 747 175
990 988 990 990 989 990 987 990 990 990 986 990 988 989 990 990 747 175
990 988 990 990 989 990 987 990 990 990 986 990 988 989 990 990 747 175
987 987 987 987 987 987 987 987 987 987 986 987 987 987 987 987 747 175
990 988 990 990 989 990 987 990 990 990 986 990 988 989 990 990 747 175
989 988 989 989 989 989 987 989 989 989 986 989 988 989 989 989 747 175
990 988 990 990 989 990 987 990 990 990 986 990 988 989 990 990 747 175
990 988 990 990 989 990 987 990 990 990 986 990 988 989 990 990 747 175
990 988 990 990 989 990 987 990 990 990 986 990 988 989 990 990 747 175
990 988 990 990 989 990 987 990 990 990 986 990 988 989 990 990 747 175
194 194 194 194 194 194 194 194 194 194 194 194 194 194 194 194 194 175
