475 475 475 475 475 475 475 475 475 475 475 475 475 475 475 475 475
990 990 990 990 990 990 989 989 990 986 990 990 988 990 990 987 555
990 990 990 990 990 990 989 989 990 986 990 990 988 990 990 987 555
990 990 990 990 990 990 989 989 990 986 990 990 988 990 990 987 555
989 989 989 989 989 989 989 989 989 986 989 989 988 989 989 987 555
989 989 989 989 989 989 989 989 989 986 989 989 988 989 989 987 555
989 989 989 989 989 989 989 989 989 986 989 989 988 989 989 987 555
990 990 990 990 990 990 989 989 990 986 990 990 988 990 990 987 555
990 990 990 990 990 990 989 989 990 986 990 990 988 990 990 987 555
990 990 990 990 990 990 989 989 990 986 990 990 988 990 990 987 555
987 987 987 987 987 987 987 987 987 986 987 987 987 987 987 987 555
990 990 990 990 990 990 989 989 990 986 990 990 988 990 990 987 555
989 989 989 989 989 989 989 989 989 986 989 989 988 989 989 987 555
990 990 990 990 990 990 989 989 990 986 990 990 988 990 990 987 555
990 990 990 990 990 990 989 989 990 986 990 990 988 990 990 987 555
990 990 990 990 990 990 989 989 990 986 990 990 988 990 990 987 555
990 990 990 990 990 990 989 989 990 986 990 990 988 990 990 987 555
194 194 194 194 194 194 194 194 194 194 194 194 194 194 194 194 194
