990 990 990 990 990 990 987 990 989 990 990 988 989 990 990 987 718
990 990 990 990 990 990 987 990 989 990 990 988 989 990 990 987 718
990 990 990 990 990 990 987 990 989 990 990 988 989 990 990 987 718
989 989 989 989 989 989 987 989 989 989 989 988 989 989 989 987 718
986 986 986 986 986 986 986 986 986 986 986 986 986 986 986 986 718
990 990 990 990 990 990 987 990 989 990 990 988 989 990 990 987 718
988 988 988 988 988 988 987 988 988 988 988 988 988 988 988 987 718
989 989 989 989 989 989 987 989 989 989 989 988 989 989 989 987 718
990 990 990 990 990 990 987 990 989 990 990 988 989 990 990 987 718
988 988 988 988 988 988 987 988 988 988 988 988 988 988 988 987 718
990 990 990 990 990 990 987 990 989 990 990 988 989 990 990 987 718
990 990 990 990 990 990 987 990 989 990 990 988 989 990 990 987 718
989 989 989 989 989 989 987 989 989 989 989 988 989 989 989 987 718
990 990 990 990 990 990 987 990 989 990 990 988 989 990 990 987 718
990 990 990 990 990 990 987 990 989 990 990 988 989 990 990 987 718
925 925 925 925 925 925 925 925 925 925 925 925 925 925 925 925 718
751 751 751 751 751 751 751 751 751 751 751 751 751 751 751 751 718
