475 990 990 990 989 989 989 990 990 990 987 990 989 990 990 990 990 194
475 990 990 990 989 989 989 990 990 990 987 990 989 990 990 990 990 194
475 990 990 990 989 989 989 990 990 990 987 990 989 990 990 990 990 194
475 989 989 989 989 989 989 989 989 989 987 989 989 989 989 989 989 194
475 986 986 986 986 986 986 986 986 986 986 986 986 986 986 986 986 194
475 990 990 990 989 989 989 990 990 990 987 990 989 990 990 990 990 194
475 988 988 988 988 988 988 988 988 988 987 988 988 988 988 988 988 194
475 989 989 989 989 989 989 989 989 989 987 989 989 989 989 989 989 194
475 990 990 990 989 989 989 990 990 990 987 990 989 990 990 990 990 194
475 988 988 988 988 988 988 988 988 988 987 988 988 988 988 988 988 194
475 990 990 990 989 989 989 990 990 990 987 990 989 990 990 990 990 194
475 990 990 990 989 989 989 990 990 990 987 990 989 990 990 990 990 194
475 989 989 989 989 989 989 989 989 989 987 989 989 989 989 989 989 194
475 990 990 990 989 989 989 990 990 990 987 990 989 990 990 990 990 194
475 990 990 990 989 989 989 990 990 990 987 990 989 990 990 990 990 194
475 925 925 925 925 925 925 925 925 925 925 925 925 925 925 925 925 194
475 751 751 751 751 751 751 751 751 751 751 751 751 751 751 751 751 194
