474 474 474 474 474 474 474 474 474 474 474 474 474 474 474 474 474
990 990 990 990 990 990 990 989 990 990 990 989 990 990 990 988 530
990 990 990 990 990 990 990 989 990 990 990 989 990 990 990 988 530
990 990 990 990 990 990 990 989 990 990 990 989 990 990 990 988 530
989 989 989 989 989 989 989 989 989 989 989 989 989 989 989 988 530
989 989 989 989 989 989 989 989 989 989 989 989 989 989 989 988 530
990 990 990 990 990 990 990 989 990 990 990 989 990 990 990 988 530
990 990 990 990 990 990 990 989 990 990 990 989 990 990 990 988 530
990 990 990 990 990 990 990 989 990 990 990 989 990 990 990 988 530
990 990 990 990 990 990 990 989 990 990 990 989 990 990 990 988 530
988 988 988 988 988 988 988 988 988 988 988 988 988 988 988 988 530
990 990 990 990 990 990 990 989 990 990 990 989 990 990 990 988 530
990 990 990 990 990 990 990 989 990 990 990 989 990 990 990 988 530
990 990 990 990 990 990 990 989 990 990 990 989 990 990 990 988 530
989 989 989 989 989 989 989 989 989 989 989 989 989 989 989 988 530
990 990 990 990 990 990 990 989 990 990 990 989 990 990 990 988 530
990 990 990 990 990 990 990 989 990 990 990 989 990 990 990 988 530
197 197 197 197 197 197 197 197 197 197 197 197 197 197 197 197 197
