474 474 474 474 474 474 474 474 474 474 474 474 474 474 474 474 474
709 986 990 990 990 990 990 989 990 989 989 989 989 990 990 990 971
709 986 990 990 990 990 990 989 990 989 989 989 989 990 990 990 971
709 986 990 990 990 990 990 989 990 989 989 989 989 990 990 990 971
709 986 989 989 989 989 989 989 989 989 989 989 989 989 989 989 971
709 986 989 989 989 989 989 989 989 989 989 989 989 989 989 989 971
709 986 990 990 990 990 990 989 990 989 989 989 989 990 990 990 971
709 986 990 990 990 990 990 989 990 989 989 989 989 990 990 990 971
709 986 990 990 990 990 990 989 990 989 989 989 989 990 990 990 971
709 986 990 990 990 990 990 989 990 989 989 989 989 990 990 990 971
709 986 988 988 988 988 988 988 988 988 988 988 988 988 988 988 971
709 986 990 990 990 990 990 989 990 989 989 989 989 990 990 990 971
709 986 990 990 990 990 990 989 990 989 989 989 989 990 990 990 971
709 986 990 990 990 990 990 989 990 989 989 989 989 990 990 990 971
709 986 989 989 989 989 989 989 989 989 989 989 989 989 989 989 971
709 986 990 990 990 990 990 989 990 989 989 989 989 990 990 990 971
709 986 990 990 990 990 990 989 990 989 989 989 989 990 990 990 971
197 197 197 197 197 197 197 197 197 197 197 197 197 197 197 197 197
