474 474 474 474 474 474 474 474 474 474 474 474 474 474 474 474 474
990 990 990 990 989 990 990 990 990 986 989 990 990 990 990 990 669
990 990 990 990 989 990 990 990 990 986 989 990 990 990 990 990 669
990 990 990 990 989 990 990 990 990 986 989 990 990 990 990 990 669
989 989 989 989 989 989 989 989 989 986 989 989 989 989 989 989 669
989 989 989 989 989 989 989 989 989 986 989 989 989 989 989 989 669
990 990 990 990 989 990 990 990 990 986 989 990 990 990 990 990 669
990 990 990 990 989 990 990 990 990 986 989 990 990 990 990 990 669
990 990 990 990 989 990 990 990 990 986 989 990 990 990 990 990 669
990 990 990 990 989 990 990 990 990 986 989 990 990 990 990 990 669
988 988 988 988 988 988 988 988 988 986 988 988 988 988 988 988 669
990 990 990 990 989 990 990 990 990 986 989 990 990 990 990 990 669
990 990 990 990 989 990 990 990 990 986 989 990 990 990 990 990 669
990 990 990 990 989 990 990 990 990 986 989 990 990 990 990 990 669
989 989 989 989 989 989 989 989 989 986 989 989 989 989 989 989 669
990 990 990 990 989 990 990 990 990 986 989 990 990 990 990 990 669
990 990 990 990 989 990 990 990 990 986 989 990 990 990 990 990 669
197 197 197 197 197 197 197 197 197 197 197 197 197 197 197 197 197
