474 474 474 474 474 474 474 474 474 474 474 474 474 474 474 474 474
990 990 989 990 990 990 990 989 990 989 990 990 990 990 990 986 563
990 990 989 990 990 990 990 989 990 989 990 990 990 990 990 986 563
990 990 989 990 990 990 990 989 990 989 990 990 990 990 990 986 563
989 989 989 989 989 989 989 989 989 989 989 989 989 989 989 986 563
989 989 989 989 989 989 989 989 989 989 989 989 989 989 989 986 563
990 990 989 990 990 990 990 989 990 989 990 990 990 990 990 986 563
990 990 989 990 990 990 990 989 990 989 990 990 990 990 990 986 563
990 990 989 990 990 990 990 989 990 989 990 990 990 990 990 986 563
990 990 989 990 990 990 990 989 990 989 990 990 990 990 990 986 563
988 988 988 988 988 988 988 988 988 988 988 988 988 988 988 986 563
990 990 989 990 990 990 990 989 990 989 990 990 990 990 990 986 563
990 990 989 990 990 990 990 989 990 989 990 990 990 990 990 986 563
990 990 989 990 990 990 990 989 990 989 990 990 990 990 990 986 563
989 989 989 989 989 989 989 989 989 989 989 989 989 989 989 986 563
990 990 989 990 990 990 990 989 990 989 990 990 990 990 990 986 563
990 990 989 990 990 990 990 989 990 989 990 990 990 990 990 986 563
197 197 197 197 197 197 197 197 197 197 197 197 197 197 197 197 197
