475 475 475 475 475 475 475 475 475 475 475 475 475 475 475 475 475
990 989 990 986 990 990 990 990 990 990 990 990 989 990 990 989 521
990 989 990 986 990 990 990 990 990 990 990 990 989 990 990 989 521
990 989 990 986 990 990 990 990 990 990 990 990 989 990 990 989 521
989 989 989 986 989 989 989 989 989 989 989 989 989 989 989 989 521
989 989 989 986 989 989 989 989 989 989 989 989 989 989 989 989 521
989 989 989 986 989 989 989 989 989 989 989 989 989 989 989 989 521
990 989 990 986 990 990 990 990 990 990 990 990 989 990 990 989 521
990 989 990 986 990 990 990 990 990 990 990 990 989 990 990 989 521
990 989 990 986 990 990 990 990 990 990 990 990 989 990 990 989 521
987 987 987 986 987 987 987 987 987 987 987 987 987 987 987 987 521
990 989 990 986 990 990 990 990 990 990 990 990 989 990 990 989 521
989 989 989 986 989 989 989 989 989 989 989 989 989 989 989 989 521
990 989 990 986 990 990 990 990 990 990 990 990 989 990 990 989 521
990 989 990 986 990 990 990 990 990 990 990 990 989 990 990 989 521
990 989 990 986 990 990 990 990 990 990 990 990 989 990 990 989 521
990 989 990 986 990 990 990 990 990 990 990 990 989 990 990 989 521
194 194 194 194 194 194 194 194 194 194 194 194 194 194 194 194 194
