475 475 475 475 475 475 475 475 475 475 475 475 475 475 475 475 475
990 990 990 990 989 990 990 990 990 990 990 986 990 990 990 987 727
990 990 990 990 989 990 990 990 990 990 990 986 990 990 990 987 727
990 990 990 990 989 990 990 990 990 990 990 986 990 990 990 987 727
989 989 989 989 989 989 989 989 989 989 989 986 989 989 989 987 727
989 989 989 989 989 989 989 989 989 989 989 986 989 989 989 987 727
989 989 989 989 989 989 989 989 989 989 989 986 989 989 989 987 727
990 990 990 990 989 990 990 990 990 990 990 986 990 990 990 987 727
990 990 990 990 989 990 990 990 990 990 990 986 990 990 990 987 727
990 990 990 990 989 990 990 990 990 990 990 986 990 990 990 987 727
987 987 987 987 987 987 987 987 987 987 987 986 987 987 987 987 727
990 990 990 990 989 990 990 990 990 990 990 986 990 990 990 987 727
989 989 989 989 989 989 989 989 989 989 989 986 989 989 989 987 727
990 990 990 990 989 990 990 990 990 990 990 986 990 990 990 987 727
990 990 990 990 989 990 990 990 990 990 990 986 990 990 990 987 727
990 990 990 990 989 990 990 990 990 990 990 986 990 990 990 987 727
990 990 990 990 989 990 990 990 990 990 990 986 990 990 990 987 727
194 194 194 194 194 194 194 194 194 194 194 194 194 194 194 194 194
