990 988 990 990 989 990 987 990 990 990 986 990 988 989 990 990 747 175
990 988 990 990 989 990 987 990 990 990 986 990 988 989 990 990 747 175
990 988 990 990 989 990 987 990 990 990 986 990 988 989 990 990 747 175
989 988 989 989 989 989 987 989 989 989 986 989 988 989 989 989 747 175
986 986 986 986 986 986 986 986 986 986 986 986 986 986 986 986 747 175
990 988 990 990 989 990 987 990 990 990 986 990 988 989 990 990 747 175
988 988 988 988 988 988 987 988 988 988 986 988 988 988 988 988 747 175
989 988 989 989 989 989 987 989 989 989 986 989 988 989 989 989 747 175
990 988 990 990 989 990 987 990 990 990 986 990 988 989 990 990 747 175
988 988 988 988 988 988 987 988 988 988 986 988 988 988 988 988 747 175
990 988 990 990 989 990 987 990 990 990 986 990 988 989 990 990 747 175
990 988 990 990 989 990 987 990 990 990 986 990 988 989 990 990 747 175
989 988 989 989 989 989 987 989 989 989 986 989 988 989 989 989 747 175
990 988 990 990 989 990 987 990 990 990 986 990 988 989 990 990 747 175
990 988 990 990 989 990 987 990 990 990 986 990 988 989 990 990 747 175
925 925 925 925 925 925 925 925 925 925 925 925 925 925 925 925 747 175
751 751 751 751 751 751 751 751 751 751 751 751 751 751 751 751 747 175
