475 475 475 475 475 475 475 475 475 475 475 475 475 475 475 475 475
990 990 987 990 988 990 990 990 990 989 989 988 990 989 990 987 672
990 990 987 990 988 990 990 990 990 989 989 988 990 989 990 987 672
990 990 987 990 988 990 990 990 990 989 989 988 990 989 990 987 672
989 989 987 989 988 989 989 989 989 989 989 988 989 989 989 987 672
989 989 987 989 988 989 989 989 989 989 989 988 989 989 989 987 672
989 989 987 989 988 989 989 989 989 989 989 988 989 989 989 987 672
990 990 987 990 988 990 990 990 990 989 989 988 990 989 990 987 672
990 990 987 990 988 990 990 990 990 989 989 988 990 989 990 987 672
990 990 987 990 988 990 990 990 990 989 989 988 990 989 990 987 672
987 987 987 987 987 987 987 987 987 987 987 987 987 987 987 987 672
990 990 987 990 988 990 990 990 990 989 989 988 990 989 990 987 672
989 989 987 989 988 989 989 989 989 989 989 988 989 989 989 987 672
990 990 987 990 988 990 990 990 990 989 989 988 990 989 990 987 672
990 990 987 990 988 990 990 990 990 989 989 988 990 989 990 987 672
990 990 987 990 988 990 990 990 990 989 989 988 990 989 990 987 672
990 990 987 990 988 990 990 990 990 989 989 988 990 989 990 987 672
194 194 194 194 194 194 194 194 194 194 194 194 194 194 194 194 194
