475 475 475 475 475 475 475 475 475 475 475 475 475 475 475 475 475 45
803 990 990 990 990 989 990 990 990 990 988 990 989 990 990 990 990 45
803 990 990 990 990 989 990 990 990 990 988 990 989 990 990 990 990 45
803 990 990 990 990 989 990 990 990 990 988 990 989 990 990 990 990 45
803 989 989 989 989 989 989 989 989 989 988 989 989 989 989 989 989 45
803 989 989 989 989 989 989 989 989 989 988 989 989 989 989 989 989 45
803 989 989 989 989 989 989 989 989 989 988 989 989 989 989 989 989 45
803 990 990 990 990 989 990 990 990 990 988 990 989 990 990 990 990 45
803 990 990 990 990 989 990 990 990 990 988 990 989 990 990 990 990 45
803 990 990 990 990 989 990 990 990 990 988 990 989 990 990 990 990 45
803 987 987 987 987 987 987 987 987 987 987 987 987 987 987 987 987 45
803 990 990 990 990 989 990 990 990 990 988 990 989 990 990 990 990 45
803 989 989 989 989 989 989 989 989 989 988 989 989 989 989 989 989 45
803 990 990 990 990 989 990 990 990 990 988 990 989 990 990 990 990 45
803 990 990 990 990 989 990 990 990 990 988 990 989 990 990 990 990 45
803 990 990 990 990 989 990 990 990 990 988 990 989 990 990 990 990 45
803 990 990 990 990 989 990 990 990 990 988 990 989 990 990 990 990 45
194 194 194 194 194 194 194 194 194 194 194 194 194 194 194 194 194 45
