474 474 474 474 474 474 474 474 474 474 474 474 474 474 474 474 474
990 989 990 986 990 990 990 990 990 990 990 990 989 990 990 989 521
990 989 990 986 990 990 990 990 990 990 990 990 989 990 990 989 521
990 989 990 986 990 990 990 990 990 990 990 990 989 990 990 989 521
989 989 989 986 989 989 989 989 989 989 989 989 989 989 989 989 521
989 989 989 986 989 989 989 989 989 989 989 989 989 989 989 989 521
990 989 990 986 990 990 990 990 990 990 990 990 989 990 990 989 521
990 989 990 986 990 990 990 990 990 990 990 990 989 990 990 989 521
990 989 990 986 990 990 990 990 990 990 990 990 989 990 990 989 521
990 989 990 986 990 990 990 990 990 990 990 990 989 990 990 989 521
988 988 988 986 988 988 988 988 988 988 988 988 988 988 988 988 521
990 989 990 986 990 990 990 990 990 990 990 990 989 990 990 989 521
990 989 990 986 990 990 990 990 990 990 990 990 989 990 990 989 521
990 989 990 986 990 990 990 990 990 990 990 990 989 990 990 989 521
989 989 989 986 989 989 989 989 989 989 989 989 989 989 989 989 521
990 989 990 986 990 990 990 990 990 990 990 990 989 990 990 989 521
990 989 990 986 990 990 990 990 990 990 990 990 989 990 990 989 521
197 197 197 197 197 197 197 197 197 197 197 197 197 197 197 197 197
