474 474 474 474 474 474 474 474 474 474 474 474 474 474 474 474 474
990 990 990 990 990 990 987 990 989 990 990 988 989 990 990 987 718
990 990 990 990 990 990 987 990 989 990 990 988 989 990 990 987 718
990 990 990 990 990 990 987 990 989 990 990 988 989 990 990 987 718
989 989 989 989 989 989 987 989 989 989 989 988 989 989 989 987 718
989 989 989 989 989 989 987 989 989 989 989 988 989 989 989 987 718
990 990 990 990 990 990 987 990 989 990 990 988 989 990 990 987 718
990 990 990 990 990 990 987 990 989 990 990 988 989 990 990 987 718
990 990 990 990 990 990 987 990 989 990 990 988 989 990 990 987 718
990 990 990 990 990 990 987 990 989 990 990 988 989 990 990 987 718
988 988 988 988 988 988 987 988 988 988 988 988 988 988 988 987 718
990 990 990 990 990 990 987 990 989 990 990 988 989 990 990 987 718
990 990 990 990 990 990 987 990 989 990 990 988 989 990 990 987 718
990 990 990 990 990 990 987 990 989 990 990 988 989 990 990 987 718
989 989 989 989 989 989 987 989 989 989 989 988 989 989 989 987 718
990 990 990 990 990 990 987 990 989 990 990 988 989 990 990 987 718
990 990 990 990 990 990 987 990 989 990 990 988 989 990 990 987 718
197 197 197 197 197 197 197 197 197 197 197 197 197 197 197 197 197
