474 990 990 990 989 989 990 990 990 990 988 990 990 990 989 990 990 197
474 990 990 990 989 989 990 990 990 990 988 990 990 990 989 990 990 197
474 990 990 990 989 989 990 990 990 990 988 990 990 990 989 990 990 197
474 989 989 989 989 989 989 989 989 989 988 989 989 989 989 989 989 197
474 986 986 986 986 986 986 986 986 986 986 986 986 986 986 986 986 197
474 990 990 990 989 989 990 990 990 990 988 990 990 990 989 990 990 197
474 988 988 988 988 988 988 988 988 988 988 988 988 988 988 988 988 197
474 989 989 989 989 989 989 989 989 989 988 989 989 989 989 989 989 197
474 990 990 990 989 989 990 990 990 990 988 990 990 990 989 990 990 197
474 988 988 988 988 988 988 988 988 988 988 988 988 988 988 988 988 197
474 990 990 990 989 989 990 990 990 990 988 990 990 990 989 990 990 197
474 990 990 990 989 989 990 990 990 990 988 990 990 990 989 990 990 197
474 989 989 989 989 989 989 989 989 989 988 989 989 989 989 989 989 197
474 990 990 990 989 989 990 990 990 990 988 990 990 990 989 990 990 197
474 990 990 990 989 989 990 990 990 990 988 990 990 990 989 990 990 197
474 925 925 925 925 925 925 925 925 925 925 925 925 925 925 925 925 197
474 751 751 751 751 751 751 751 751 751 751 751 751 751 751 751 751 197
