990 990 990 990 990 990 990 989 990 990 990 989 990 990 990 988 530
990 990 990 990 990 990 990 989 990 990 990 989 990 990 990 988 530
990 990 990 990 990 990 990 989 990 990 990 989 990 990 990 988 530
989 989 989 989 989 989 989 989 989 989 989 989 989 989 989 988 530
986 986 986 986 986 986 986 986 986 986 986 986 986 986 986 986 530
990 990 990 990 990 990 990 989 990 990 990 989 990 990 990 988 530
988 988 988 988 988 988 988 988 988 988 988 988 988 988 988 988 530
989 989 989 989 989 989 989 989 989 989 989 989 989 989 989 988 530
990 990 990 990 990 990 990 989 990 990 990 989 990 990 990 988 530
988 988 988 988 988 988 988 988 988 988 988 988 988 988 988 988 530
990 990 990 990 990 990 990 989 990 990 990 989 990 990 990 988 530
990 990 990 990 990 990 990 989 990 990 990 989 990 990 990 988 530
989 989 989 989 989 989 989 989 989 989 989 989 989 989 989 988 530
990 990 990 990 990 990 990 989 990 990 990 989 990 990 990 988 530
990 990 990 990 990 990 990 989 990 990 990 989 990 990 990 988 530
925 925 925 925 925 925 925 925 925 925 925 925 925 925 925 925 530
751 751 751 751 751 751 751 751 751 751 751 751 751 751 751 751 530
