474 474 474 474 474 474 474 474 474 474 474 474 474 474 474 474 474
990 990 990 990 989 990 990 990 990 990 990 986 990 990 990 987 727
990 990 990 990 989 990 990 990 990 990 990 986 990 990 990 987 727
990 990 990 990 989 990 990 990 990 990 990 986 990 990 990 987 727
989 989 989 989 989 989 989 989 989 989 989 986 989 989 989 987 727
989 989 989 989 989 989 989 989 989 989 989 986 989 989 989 987 727
990 990 990 990 989 990 990 990 990 990 990 986 990 990 990 987 727
990 990 990 990 989 990 990 990 990 990 990 986 990 990 990 987 727
990 990 990 990 989 990 990 990 990 990 990 986 990 990 990 987 727
990 990 990 990 989 990 990 990 990 990 990 986 990 990 990 987 727
988 988 988 988 988 988 988 988 988 988 988 986 988 988 988 987 727
990 990 990 990 989 990 990 990 990 990 990 986 990 990 990 987 727
990 990 990 990 989 990 990 990 990 990 990 986 990 990 990 987 727
990 990 990 990 989 990 990 990 990 990 990 986 990 990 990 987 727
989 989 989 989 989 989 989 989 989 989 989 986 989 989 989 987 727
990 990 990 990 989 990 990 990 990 990 990 986 990 990 990 987 727
990 990 990 990 989 990 990 990 990 990 990 986 990 990 990 987 727
197 197 197 197 197 197 197 197 197 197 197 197 197 197 197 197 197
