709 986 990 990 990 990 990 989 990 989 989 989 989 990 990 990 971
709 986 990 990 990 990 990 989 990 989 989 989 989 990 990 990 971
709 986 990 990 990 990 990 989 990 989 989 989 989 990 990 990 971
709 986 989 989 989 989 989 989 989 989 989 989 989 989 989 989 971
709 986 986 986 986 986 986 986 986 986 986 986 986 986 986 986 971
709 986 990 990 990 990 990 989 990 989 989 989 989 990 990 990 971
709 986 988 988 988 988 988 988 988 988 988 988 988 988 988 988 971
709 986 989 989 989 989 989 989 989 989 989 989 989 989 989 989 971
709 986 990 990 990 990 990 989 990 989 989 989 989 990 990 990 971
709 986 988 988 988 988 988 988 988 988 988 988 988 988 988 988 971
709 986 990 990 990 990 990 989 990 989 989 989 989 990 990 990 971
709 986 990 990 990 990 990 989 990 989 989 989 989 990 990 990 971
709 986 989 989 989 989 989 989 989 989 989 989 989 989 989 989 971
709 986 990 990 990 990 990 989 990 989 989 989 989 990 990 990 971
709 986 990 990 990 990 990 989 990 989 989 989 989 990 990 990 971
709 925 925 925 925 925 925 925 925 925 925 925 925 925 925 925 925
709 751 751 751 751 751 751 751 751 751 751 751 751 751 751 751 751
