474 474 474 474 474 474 474 474 474 474 474 474 474 474 474 474 474 141
645 990 990 990 990 990 990 989 990 990 988 988 990 990 990 990 951 141
645 990 990 990 990 990 990 989 990 990 988 988 990 990 990 990 951 141
645 990 990 990 990 990 990 989 990 990 988 988 990 990 990 990 951 141
645 989 989 989 989 989 989 989 989 989 988 988 989 989 989 989 951 141
645 989 989 989 989 989 989 989 989 989 988 988 989 989 989 989 951 141
645 990 990 990 990 990 990 989 990 990 988 988 990 990 990 990 951 141
645 990 990 990 990 990 990 989 990 990 988 988 990 990 990 990 951 141
645 990 990 990 990 990 990 989 990 990 988 988 990 990 990 990 951 141
645 990 990 990 990 990 990 989 990 990 988 988 990 990 990 990 951 141
645 988 988 988 988 988 988 988 988 988 988 988 988 988 988 988 951 141
645 990 990 990 990 990 990 989 990 990 988 988 990 990 990 990 951 141
645 990 990 990 990 990 990 989 990 990 988 988 990 990 990 990 951 141
645 990 990 990 990 990 990 989 990 990 988 988 990 990 990 990 951 141
645 989 989 989 989 989 989 989 989 989 988 988 989 989 989 989 951 141
645 990 990 990 990 990 990 989 990 990 988 988 990 990 990 990 951 141
645 990 990 990 990 990 990 989 990 990 988 988 990 990 990 990 951 141
197 197 197 197 197 197 197 197 197 197 197 197 197 197 197 197 197 141
