474 474 474 474 474 474 474 474 474 474 474 474 474 474 474 474 474 45
803 990 990 990 990 989 990 990 990 990 988 990 989 990 990 990 990 45
803 990 990 990 990 989 990 990 990 990 988 990 989 990 990 990 990 45
803 990 990 990 990 989 990 990 990 990 988 990 989 990 990 990 990 45
803 989 989 989 989 989 989 989 989 989 988 989 989 989 989 989 989 45
803 989 989 989 989 989 989 989 989 989 988 989 989 989 989 989 989 45
803 990 990 990 990 989 990 990 990 990 988 990 989 990 990 990 990 45
803 990 990 990 990 989 990 990 990 990 988 990 989 990 990 990 990 45
803 990 990 990 990 989 990 990 990 990 988 990 989 990 990 990 990 45
803 990 990 990 990 989 990 990 990 990 988 990 989 990 990 990 990 45
803 988 988 988 988 988 988 988 988 988 988 988 988 988 988 988 988 45
803 990 990 990 990 989 990 990 990 990 988 990 989 990 990 990 990 45
803 990 990 990 990 989 990 990 990 990 988 990 989 990 990 990 990 45
803 990 990 990 990 989 990 990 990 990 988 990 989 990 990 990 990 45
803 989 989 989 989 989 989 989 989 989 988 989 989 989 989 989 989 45
803 990 990 990 990 989 990 990 990 990 988 990 989 990 990 990 990 45
803 990 990 990 990 989 990 990 990 990 988 990 989 990 990 990 990 45
197 197 197 197 197 197 197 197 197 197 197 197 197 197 197 197 197 45
