990 990 987 990 988 990 990 990 990 989 989 988 990 989 990 987 672
990 990 987 990 988 990 990 990 990 989 989 988 990 989 990 987 672
990 990 987 990 988 990 990 990 990 989 989 988 990 989 990 987 672
989 989 987 989 988 989 989 989 989 989 989 988 989 989 989 987 672
986 986 986 986 986 986 986 986 986 986 986 986 986 986 986 986 672
990 990 987 990 988 990 990 990 990 989 989 988 990 989 990 987 672
988 988 987 988 988 988 988 988 988 988 988 988 988 988 988 987 672
989 989 987 989 988 989 989 989 989 989 989 988 989 989 989 987 672
990 990 987 990 988 990 990 990 990 989 989 988 990 989 990 987 672
988 988 987 988 988 988 988 988 988 988 988 988 988 988 988 987 672
990 990 987 990 988 990 990 990 990 989 989 988 990 989 990 987 672
990 990 987 990 988 990 990 990 990 989 989 988 990 989 990 987 672
989 989 987 989 988 989 989 989 989 989 989 988 989 989 989 987 672
990 990 987 990 988 990 990 990 990 989 989 988 990 989 990 987 672
990 990 987 990 988 990 990 990 990 989 989 988 990 989 990 987 672
925 925 925 925 925 925 925 925 925 925 925 925 925 925 925 925 672
751 751 751 751 751 751 751 751 751 751 751 751 751 751 751 751 672
