474 474 474 474 474 474 474 474 474 474 474 474 474 474 474 474 474
990 988 989 990 990 990 989 990 987 990 990 990 990 990 989 987 768
990 988 989 990 990 990 989 990 987 990 990 990 990 990 989 987 768
990 988 989 990 990 990 989 990 987 990 990 990 990 990 989 987 768
989 988 989 989 989 989 989 989 987 989 989 989 989 989 989 987 768
989 988 989 989 989 989 989 989 987 989 989 989 989 989 989 987 768
990 988 989 990 990 990 989 990 987 990 990 990 990 990 989 987 768
990 988 989 990 990 990 989 990 987 990 990 990 990 990 989 987 768
990 988 989 990 990 990 989 990 987 990 990 990 990 990 989 987 768
990 988 989 990 990 990 989 990 987 990 990 990 990 990 989 987 768
988 988 988 988 988 988 988 988 987 988 988 988 988 988 988 987 768
990 988 989 990 990 990 989 990 987 990 990 990 990 990 989 987 768
990 988 989 990 990 990 989 990 987 990 990 990 990 990 989 987 768
990 988 989 990 990 990 989 990 987 990 990 990 990 990 989 987 768
989 988 989 989 989 989 989 989 987 989 989 989 989 989 989 987 768
990 988 989 990 990 990 989 990 987 990 990 990 990 990 989 987 768
990 988 989 990 990 990 989 990 987 990 990 990 990 990 989 987 768
197 197 197 197 197 197 197 197 197 197 197 197 197 197 197 197 197
