990 990 989 990 990 990 990 989 990 989 990 990 990 990 990 986 563
990 990 989 990 990 990 990 989 990 989 990 990 990 990 990 986 563
990 990 989 990 990 990 990 989 990 989 990 990 990 990 990 986 563
989 989 989 989 989 989 989 989 989 989 989 989 989 989 989 986 563
986 986 986 986 986 986 986 986 986 986 986 986 986 986 986 986 563
990 990 989 990 990 990 990 989 990 989 990 990 990 990 990 986 563
988 988 988 988 988 988 988 988 988 988 988 988 988 988 988 986 563
989 989 989 989 989 989 989 989 989 989 989 989 989 989 989 986 563
990 990 989 990 990 990 990 989 990 989 990 990 990 990 990 986 563
988 988 988 988 988 988 988 988 988 988 988 988 988 988 988 986 563
990 990 989 990 990 990 990 989 990 989 990 990 990 990 990 986 563
990 990 989 990 990 990 990 989 990 989 990 990 990 990 990 986 563
989 989 989 989 989 989 989 989 989 989 989 989 989 989 989 986 563
990 990 989 990 990 990 990 989 990 989 990 990 990 990 990 986 563
990 990 989 990 990 990 990 989 990 989 990 990 990 990 990 986 563
925 925 925 925 925 925 925 925 925 925 925 925 925 925 925 925 563
751 751 751 751 751 751 751 751 751 751 751 751 751 751 751 751 563
