990 990 990 990 990 990 990 990 988 990 990 989 990 989 990 990 555
990 990 990 990 990 990 990 990 988 990 990 989 990 989 990 990 555
990 990 990 990 990 990 990 990 988 990 990 989 990 989 990 990 555
989 989 989 989 989 989 989 989 988 989 989 989 989 989 989 989 555
986 986 986 986 986 986 986 986 986 986 986 986 986 986 986 986 555
990 990 990 990 990 990 990 990 988 990 990 989 990 989 990 990 555
988 988 988 988 988 988 988 988 988 988 988 988 988 988 988 988 555
989 989 989 989 989 989 989 989 988 989 989 989 989 989 989 989 555
990 990 990 990 990 990 990 990 988 990 990 989 990 989 990 990 555
988 988 988 988 988 988 988 988 988 988 988 988 988 988 988 988 555
990 990 990 990 990 990 990 990 988 990 990 989 990 989 990 990 555
990 990 990 990 990 990 990 990 988 990 990 989 990 989 990 990 555
989 989 989 989 989 989 989 989 988 989 989 989 989 989 989 989 555
990 990 990 990 990 990 990 990 988 990 990 989 990 989 990 990 555
990 990 990 990 990 990 990 990 988 990 990 989 990 989 990 990 555
925 925 925 925 925 925 925 925 925 925 925 925 925 925 925 925 555
751 751 751 751 751 751 751 751 751 751 751 751 751 751 751 751 555
