990 989 990 986 990 990 990 990 990 990 990 990 989 990 990 989 521
990 989 990 986 990 990 990 990 990 990 990 990 989 990 990 989 521
990 989 990 986 990 990 990 990 990 990 990 990 989 990 990 989 521
989 989 989 986 989 989 989 989 989 989 989 989 989 989 989 989 521
986 986 986 986 986 986 986 986 986 986 986 986 986 986 986 986 521
990 989 990 986 990 990 990 990 990 990 990 990 989 990 990 989 521
988 988 988 986 988 988 988 988 988 988 988 988 988 988 988 988 521
989 989 989 986 989 989 989 989 989 989 989 989 989 989 989 989 521
990 989 990 986 990 990 990 990 990 990 990 990 989 990 990 989 521
988 988 988 986 988 988 988 988 988 988 988 988 988 988 988 988 521
990 989 990 986 990 990 990 990 990 990 990 990 989 990 990 989 521
990 989 990 986 990 990 990 990 990 990 990 990 989 990 990 989 521
989 989 989 986 989 989 989 989 989 989 989 989 989 989 989 989 521
990 989 990 986 990 990 990 990 990 990 990 990 989 990 990 989 521
990 989 990 986 990 990 990 990 990 990 990 990 989 990 990 989 521
925 925 925 925 925 925 925 925 925 925 925 925 925 925 925 925 521
751 751 751 751 751 751 751 751 751 751 751 751 751 751 751 751 521
