474 474 474 474 474 474 474 474 474 474 474 474 474 474 474 474 474
990 990 987 990 988 990 990 990 990 989 989 988 990 989 990 987 672
990 990 987 990 988 990 990 990 990 989 989 988 990 989 990 987 672
990 990 987 990 988 990 990 990 990 989 989 988 990 989 990 987 672
989 989 987 989 988 989 989 989 989 989 989 988 989 989 989 987 672
989 989 987 989 988 989 989 989 989 989 989 988 989 989 989 987 672
990 990 987 990 988 990 990 990 990 989 989 988 990 989 990 987 672
990 990 987 990 988 990 990 990 990 989 989 988 990 989 990 987 672
990 990 987 990 988 990 990 990 990 989 989 988 990 989 990 987 672
990 990 987 990 988 990 990 990 990 989 989 988 990 989 990 987 672
988 988 987 988 988 988 988 988 988 988 988 988 988 988 988 987 672
990 990 987 990 988 990 990 990 990 989 989 988 990 989 990 987 672
990 990 987 990 988 990 990 990 990 989 989 988 990 989 990 987 672
990 990 987 990 988 990 990 990 990 989 989 988 990 989 990 987 672
989 989 987 989 988 989 989 989 989 989 989 988 989 989 989 987 672
990 990 987 990 988 990 990 990 990 989 989 988 990 989 990 987 672
990 990 987 990 988 990 990 990 990 989 989 988 990 989 990 987 672
197 197 197 197 197 197 197 197 197 197 197 197 197 197 197 197 197
