475 475 475 475 475 475 475 475 475 475 475 475 475 475 475 475 475
709 986 990 990 990 990 990 989 990 989 989 989 989 990 990 990 971
709 986 990 990 990 990 990 989 990 989 989 989 989 990 990 990 971
709 986 990 990 990 990 990 989 990 989 989 989 989 990 990 990 971
709 986 989 989 989 989 989 989 989 989 989 989 989 989 989 989 971
709 986 989 989 989 989 989 989 989 989 989 989 989 989 989 989 971
709 986 989 989 989 989 989 989 989 989 989 989 989 989 989 989 971
709 986 990 990 990 990 990 989 990 989 989 989 989 990 990 990 971
709 986 990 990 990 990 990 989 990 989 989 989 989 990 990 990 971
709 986 990 990 990 990 990 989 990 989 989 989 989 990 990 990 971
709 986 987 987 987 987 987 987 987 987 987 987 987 987 987 987 971
709 986 990 990 990 990 990 989 990 989 989 989 989 990 990 990 971
709 986 989 989 989 989 989 989 989 989 989 989 989 989 989 989 971
709 986 990 990 990 990 990 989 990 989 989 989 989 990 990 990 971
709 986 990 990 990 990 990 989 990 989 989 989 989 990 990 990 971
709 986 990 990 990 990 990 989 990 989 989 989 989 990 990 990 971
709 986 990 990 990 990 990 989 990 989 989 989 989 990 990 990 971
194 194 194 194 194 194 194 194 194 194 194 194 194 194 194 194 194
