475 475 475 475 475 475 475 475 475 475 475 475 475 475 475 475 475
990 990 990 990 990 990 990 990 988 990 990 989 990 989 990 990 555
990 990 990 990 990 990 990 990 988 990 990 989 990 989 990 990 555
990 990 990 990 990 990 990 990 988 990 990 989 990 989 990 990 555
989 989 989 989 989 989 989 989 988 989 989 989 989 989 989 989 555
989 989 989 989 989 989 989 989 988 989 989 989 989 989 989 989 555
989 989 989 989 989 989 989 989 988 989 989 989 989 989 989 989 555
990 990 990 990 990 990 990 990 988 990 990 989 990 989 990 990 555
990 990 990 990 990 990 990 990 988 990 990 989 990 989 990 990 555
990 990 990 990 990 990 990 990 988 990 990 989 990 989 990 990 555
987 987 987 987 987 987 987 987 987 987 987 987 987 987 987 987 555
990 990 990 990 990 990 990 990 988 990 990 989 990 989 990 990 555
989 989 989 989 989 989 989 989 988 989 989 989 989 989 989 989 555
990 990 990 990 990 990 990 990 988 990 990 989 990 989 990 990 555
990 990 990 990 990 990 990 990 988 990 990 989 990 989 990 990 555
990 990 990 990 990 990 990 990 988 990 990 989 990 989 990 990 555
990 990 990 990 990 990 990 990 988 990 990 989 990 989 990 990 555
194 194 194 194 194 194 194 194 194 194 194 194 194 194 194 194 194
